81
15
97
-21
30
77
-74
-63
13
76
62
34
91
-16
-70
0
-34
96
120
-12
0
-49
-49
22
-97
-113
36
-78
-15
-31
-31
-68
-15
-83
-87
-33
-47
14
44
108
-113
52
97
28
-26
-91
119
-72
69
-1
-111
113
28
-53
68
-28
-34
70
-103
-32
98
50
-26
-18
72
104
-60
-15
27
58
-57
-17
33
105
-91
-90
41
49
-5
-23
60
-12
-79
63
-35
17
97
123
-84
-76
91
76
118
59
114
-55
7
35
-60
-7
5
65
125
55
-45
88
-42
76
-73
40
108
-38
-120
-116
125
-107
44
89
-30
56
38
-21
-114
-104
-68
-29
-5
-64
105
-95
-52
126
8
118
23
2
-78
49
-119
58
-109
43
-15
60
88
-93
-95
-74
-92
-59
-125
-112
38
-54
18
-67
6
-124
57
70
-86
-92
-12
-21
53
-3
28
-31
-117
-91
-18
-28
51
42
-122
-9
-87
100
16
-25
96
29
60
40
-98
46
-6
-65
38
-63
-100
-93
-78
-118
99
36
-36
103
-16
67
-46
-61
-98
32
58
0
81
-12
47
-65
-83
-83
-61
-125
-124
-47
-73
-59
87
82
1
82
50
53
38
42
-104
120
-101
71
118
-27
-122
-5
-113
27
4
-126
116
-97
75
-75
-121
36
-88
111
15
-7
57
115
64
105
55
26
-62
114
20
-95
6
36
-65
126
-43
29
-79
-120
-80
83
-3
65
-88
-54
121
-84
-119
-30
55
-94
-111
-7
-84
-125
-124
-98
66
114
59
91
69
44
110
75
65
-41
76
-13
3
96
-40
23
78
-19
97
79
93
34
-62
124
-25
-7
78
108
-115
12
9
-61
-117
76
55
-58
-49
60
-81
-11
-92
57
-43
-63
-26
104
-101
21
60
90
71
-92
59
57
-101
-56
10
108
-20
16
37
-29
-89
-53
-63
4
31
94
12
-63
-24
96
-74
58
-75
0
89
-61
-121
-59
-15
14
93
71
-93
-112
25
-123
-57
-59
81
-19
-105
-91
122
16
9
50
112
43
-60
123
-65
46
29
-48
-74
26
107
13
19
-64
11
97
78
-53
-36
36
17
112
-18
24
-62
-68
8
68
-101
25
85
-127
51
-19
-48
9
-68
121
102
102
-108
55
-48
73
-83
41
-67
8
30
-6
91
68
8
48
-61
-53
-89
112
110
5
-10
-103
75
60
-94
-84
121
3
25
58
-92
84
-50
-98
23
-72
-109
108
-115
74
37
-99
-38
-26
-8
-101
21
-45
16
-3
54
19
-48
-62
104
50
68
-107
-56
46
-23
-38
13
-82
-82
-107
4
-26
-91
38
122
-114
-105
36
-73
52
2
-19
40
-126
-28
-22
9
44
3
-71
-83
56
37
24
-40
-91
-74
69
-72
42
-6
14
88
-86
123
-86
4
-16
27
108
89
-4
79
88
94
-107
-50
-123
54
-42
-80
-92
12
68
-25
38
-111
-4
48
-124
-34
-104
28
-19
-120
60
16
-39
31
-37
-73
-61
4
-93
-126
-46
62
-37
-58
-102
-94
-13
-49
85
105
84
-14
76
-63
-25
-45
72
70
-93
20
-116
6
110
-84
21
-128
-91
-70
23
61
8
123
-58
38
79
20
-49
97
-41
-26
-59
52
34
-15
110
-80
-114
-105
18
-55
26
-124
18
-105
45
-62
1
127
-97
-8
113
-19
72
102
-6
-79
94
43
-110
6
-70
58
-55
-25
-56
-6
-46
-122
-92
114
-46
-115
-86
-117
95
-27
-1
-49
-65
-37
119
-55
-66
-65
78
-58
-126
59
-52
48
22
51
-21
-30
-57
6
-116
-78
41
-18
81
-50
-105
8
98
83
65
-105
87
-57
34
-123
-37
21
-93
-23
-102
-106
59
-94
95
-77
28
-66
105
113
121
-99
114
116
-32
-54
-80
-80
10
65
43
80
90
62
-14
22
14
-101
-48
7
-122
44
-42
111
-113
63
127
-18
3
-32
126
97
0
-32
-3
122
-94
-81
108
-35
29
-61
87
47
81
-72
-108
-20
-48
0
-20
-15
81
117
22
80
56
-96
67
-86
101
38
112
-124
90
100
-102
-74
-49
-18
-108
-75
-51
-70
-122
34
-65
37
-117
-126
-106
4
30
3
2
-79
47
101
-43
64
41
33
53
66
-16
127
-98
122
-8
-120
-3
-37
1
111
9
-71
-91
96
31
-98
27
20
-103
-99
112
124
-59
-74
46
119
-73
-124
126
-97
102
-125
88
-87
-12
-11
-66
-3
96
-24
57
91
-19
126
-25
59
58
98
-125
-73
106
93
-106
57
-21
65
90
-93
56
91
-125
109
-46
-77
55
118
62
126
-111
72
91
-100
-75
75
-89
-34
-92
-95
-53
102
-16
25
-108
127
52
87
55
-15
3
111
16
92
-86
17
3
79
-59
-115
-113
46
-52
-22
62
24
-93
-83
-37
120
-28
-39
-116
-2
107
-73
112
-51
82
22
55
5
101
-95
-48
63
75
-75
103
-31
5
55
-62
-93
120
48
33
66
-63
93
19
-3
107
-27
-85
-108
-45
95
-6
-62
-29
-57
77
85
-87
124
-107
-17
94
111
-31
25
75
-90
92
-72
72
-112
95
13
-46
7
94
-68
-42
33
-121
125
-40
15
76
15
-113
-45
124
55
-4
96
-116
10
-75
2
34
7
7
-112
-99
112
36
94
-29
94
120
22
-29
-13
4
-124
-110
-122
54
-29
-49
81
-97
-51
12
68
15
-40
32
-83
-124
-47
-99
13
45
-71
-21
125
21
-12
114
-107
-118
122
124
48
58
-52
83
76
-66
61
62
58
42
-44
-113
53
-89
109
-43
-67
-80
-128
-10
58
16
-51
16
-75
-34
-119
91
29
-86
-11
-26
92
28
28
75
-86
-31
102
93
24
-2
29
99
-107
-112
80
-110
-84
-85
55
17
22
-99
16
-12
69
68
-86
77
-12
95
-23
1
57
-14
22
-110
14
-124
2
98
-110
-68
20
47
4
-39
-112
-55
-44
-7
31
66
19
96
11
76
-121
0
-29
-119
42
-15
-30
-124
103
116
-2
101
-42
107
-50
127
105
108
-17
-87
-47
62
-103
-39
97
-31
-71
-127
-110
-87
98
21
33
-23
-44
-15
5
-80
10
64
109
-106
-33
125
-107
-26
32
-127
-85
-121
-112
69
-118
89
-50
49
53
-121
-5
11
-84
11
-23
113
-42
109
54
27
110
80
-5
-114
-97
91
113
39
25
124
85
-71
-68
-49
-89
74
22
49
-79
-54
104
64
61
-15
8
-26
51
-50
97
110
27
31
-53
49
26
56
20
43
44
-80
44
-126
38
52
59
-57
54
82
-80
111
-21
122
90
51
18
-69
82
-29
-6
-61
-53
-110
98
4
-122
-60
-75
-34
-124
-120
122
-31
79
-38
6
-10
36
-97
-22
-19
35
-76
-106
-78
103
21
-16
36
126
48
-5
31
-100
-41
30
42
-63
118
75
85
122
82
-105
120
-20
116
-24
33
-47
4
38
-28
-14
-87
-29
-85
-111
104
42
43
-101
55
88
15
47
-61
15
-93
-104
-124
-108
60
-74
42
-80
-115
-65
127
101
88
-83
11
-50
-91
24
-30
9
-117
72
-91
22
24
-119
-8
81
-121
15
53
47
-24
-25
-127
1
-67
-103
56
-47
65
70
-66
78
109
-99
-47
-105
-110
-2
-29
65
65
-120
-51
14
-52
124
-114
75
20
-45
37
-33
-63
-106
18
-124
65
-115
95
-17
-102
-116
32
-87
32
82
32
122
-91
-118
-35
4
21
-11
-53
97
33
5
57
-58
-14
-60
-38
-52
-41
-23
40
-65
-121
2
13
-81
-42
-57
-120
122
-6
-26
-87
-9
-79
51
-100
68
43
-35
106
-69
96
-5
76
30
93
-34
-103
-92
-74
42
-77
78
57
-54
35
14
-36
77
-29
-97
-27
-2
-113
50
-32
-66
108
-22
119
-44
-116
-71
27
47
-65
-128
25
65
-58
-94
-127
115
99
123
-21
-101
81
89
-84
-88
-24
-56
-29
63
-68
-98
-116
-54
18
78
-125
-103
-108
1
93
75
76
-87
27
53
-92
59
-53
-84
30
-29
-4
-95
42
81
-5
118
105
2
-38
-50
61
-87
-79
-95
126
-43
-111
-12
-41
58
127
56
-36
-78
10
-1
-61
61
-74
